137.441633
137.441633
137.441633
137.441633
137.441633
137.441633
137.441734
137.441686
137.4418925
137.4421813
137.442476
137.4428938
137.4428938
137.4433016
137.4436633
137.4441777
137.4445809
137.4450509
137.4453105
137.4453477
137.4459999
137.4465064
137.4473045
137.4479003
137.4479403
137.4482966
137.4483509
137.4483392
137.4483392
137.4483418
137.4483102
137.4486951
137.4486758
137.4488299
137.4491076
137.4491213
137.4493493
137.4492772
137.4493306
137.4493834
137.449388
137.4492584
137.4492352
137.4492307
137.4492227
137.4492382
137.4492177
137.4492089
137.4491851
137.4491407
137.4491207
137.4491446
137.4491362
137.4491296
137.4491296
137.4491165
137.4491125
137.4491121
137.4492751
137.4491685
137.4489958
137.4489636
137.4492749
137.449053
137.4490239
137.44891
137.4488133
137.4487282
137.4487282
137.448117
137.4475349
137.4472131
137.4470885
137.4470885
137.4467373
137.4462883
137.4457397
137.4452897
137.44425
137.44425
137.4436526
137.4431037
137.4419667
137.4419667
137.4409988
137.4401557
137.4398779
137.4398779
137.4386017
137.4378277
137.4370104
137.4369239
137.4369239
137.4364026
137.4350815
137.43473
137.4337399
137.4337399
137.4325601
137.4310707
137.430491
137.430491
137.4306433
137.4302083
137.4296072
137.4286607
137.4284282
137.4279117
137.4279117
137.4272721
137.4270591
137.4262787
137.4262787
137.426291
137.4262747
137.4258957
137.4252514
137.4244175
137.4239105
137.4239105
137.4240492
137.4237363
137.4223743
137.4223743
137.4223725
137.4214876
137.4207696
137.4207696
137.4204158
137.4201612
137.4194448
137.4194448
137.4188841
137.4181801
137.4171526
137.4171526
137.4161461
137.4160138
137.4153346
137.4150585
137.4150005
137.4150005
137.4146756
137.4131257
137.4131257
137.4123597
137.4118407
137.4110607
137.4110607
137.4105657
137.4104771
137.4104368
137.4104439
137.4104372
137.4102843
137.4102843
137.4099225
137.4096246
137.4095748
137.409568
137.409561
137.4092299
137.4089667
137.408553
137.4083227
137.4082877
137.407881
137.4076658
137.4073623
137.4073623
137.4072626
137.4072787
137.4072144
137.4070945
137.4064919
137.405318
137.4049491
137.4041763
137.4041763
137.4041636
137.4027971
137.4015762
137.4015856
137.4014014
137.4004263
137.4004263
137.4002381
137.4002363
137.4003337
137.4005249
137.4001304
137.3997216
137.3997277
137.3997808
137.3997808
137.3991489
137.3990396
137.3990609
137.399416
137.4010487
137.4010487
137.4021738
137.4021722
137.4021823
137.4021849
137.4024988
137.4027924
137.4029667
137.4029667
137.4028963
137.4026638
137.4024282
137.4022846
137.4022681
137.4023142
137.4022946
137.4022491
137.4020331
137.40201
137.4022008
137.4021448
137.4021448
137.4013618
137.4001506
137.3993
137.3987615
137.3987615
137.3982793
137.3969158
137.3953828
137.3949317
137.3949317
137.3943025
137.3940309
137.3927122
137.3922351
137.390339
137.390339
137.3899636
137.3884278
137.3872263
137.3872263
137.3870525
137.3865738
137.3848289
137.3846801
137.3846801
137.384049
137.3848588
137.3838113
137.384183
137.384183
137.3841709
137.3838992
137.3838998
137.3840488
137.3840702
137.3846413
137.3842363
137.3842363
137.3834563
137.3834559
137.3836105
137.3834543
137.3830464
137.3829746
137.3830031
137.3830145
137.3828289
137.382845
137.382845
137.3826673
137.3827051
137.3826681
137.3826634
137.3826938
137.3823935
137.3827347
137.3827496
137.3821049
137.3818427
137.3809408
137.3809408
137.3805527
137.3801014
137.3797354
137.3795958
137.378166
137.3776437
137.3775281
137.377076
137.377076
137.3767788
137.3772448
137.3774636
137.3774636
137.3774636
137.3775537
137.3775537
137.3775537
137.3776226
137.3778024
137.3778952
137.3777817
137.3775042
137.3774487
137.3775185
137.3774847
137.3774491
137.3776348
137.3778762
137.3777823
137.3774451
137.3774985
137.377382
137.3774498
137.3774498
137.3774332
137.3774876
137.3774523
137.3773129
137.3772881
137.3773474
137.3772883
137.3773277
137.377203
137.3767823
137.3765496
137.3754274
137.3754274
137.374831
137.373767
137.3735332
137.372081
137.372067
137.3718192
137.3713306
137.3713306
137.3702452
137.3701894
137.3712673
137.371281
137.3713597
137.3713415
137.3712712
137.3712712
137.3712613
137.3711941
137.3703225
137.370243
137.3701766
137.3700161
137.3700203
137.3700253
137.3701612
137.3702135
137.3702117
137.3699867
137.3699534
137.3699633
137.3701585
137.37024
137.3702925
137.3702986
137.3699102
137.3700311
137.3700311
137.369616
137.369373
137.369292
137.3691583
137.3691256
137.3691642
137.3694007
137.3694005
137.3696
137.3698746
137.3698245
137.3695506
137.3693209
137.3691309
137.3691309
137.3689979
137.3689147
137.3688618
137.3686603
137.368583
137.3686468
137.3688546
137.3684115
137.3685288
137.3682519
137.3678366
137.3671161
137.3664293
137.3660529
137.3661084
137.3661084
137.3659996
137.366245
137.3660594
137.3657241
137.3657257
137.3657563
137.3656255
137.3661564
137.3666084
137.3671676
137.3675464
137.3680176
137.3680176
137.368018
137.3672126
137.3670338
137.3670962
137.364125
137.364125
137.3594136
137.3594136
137.3582189
137.3582189
137.3557018
137.3557018
137.3534109
137.3534109
137.3537101
137.3537101
137.3559867
137.3559867
137.3568569
137.3568569
137.35778
137.35778
137.3605447
137.3605447
137.3621205
137.3621205
137.3653318
137.3653318
137.369851
137.369851
137.3726122
137.3726122
137.3739719
137.3739719
137.3768652
137.3768652
137.3797221
137.3797221
137.3792814
137.3792814
137.3770431
137.3770431
137.3799607
137.3799607
137.3780129
137.3780129
137.3808748
137.3808748
137.381631
137.381631
137.383203
137.383203
137.3832498
137.3832498