-4.589466996
-4.589466996
-4.589466996
-4.589466996
-4.589466996
-4.589466996
-4.589465001
-4.58940083
-4.589403124
-4.589446954
-4.589749343
-4.590121255
-4.590121255
-4.5902435
-4.590318489
-4.590036464
-4.589846619
-4.590041643
-4.59047623
-4.590435065
-4.59030037
-4.590305449
-4.590175747
-4.590061871
-4.590065295
-4.590062697
-4.590016674
-4.590019559
-4.590019559
-4.58999567
-4.590021516
-4.589947235
-4.58992144
-4.590442522
-4.590281324
-4.590274643
-4.590054093
-4.589865261
-4.589636715
-4.589230302
-4.589136889
-4.589462863
-4.589505444
-4.589515854
-4.58955167
-4.589534512
-4.589496672
-4.589480139
-4.589467418
-4.589450784
-4.589476022
-4.589450969
-4.589466996
-4.589484879
-4.589484879
-4.589466996
-4.589478654
-4.589501463
-4.589570953
-4.589660806
-4.589744956
-4.589778411
-4.590148147
-4.590378043
-4.590373825
-4.590454804
-4.590506732
-4.590202605
-4.590202605
-4.590189126
-4.590202082
-4.590514543
-4.590704928
-4.590704928
-4.5911838
-4.591451789
-4.591768248
-4.592082058
-4.593046365
-4.593046365
-4.593831169
-4.593837006
-4.594071254
-4.594071254
-4.594665049
-4.59518161
-4.596308077
-4.596308077
-4.596858987
-4.596819172
-4.596950645
-4.597513937
-4.597513937
-4.598563778
-4.598977597
-4.599239328
-4.599891107
-4.599891107
-4.60000446
-4.600242724
-4.600517243
-4.600517243
-4.601089493
-4.601641635
-4.602227719
-4.603364849
-4.603458582
-4.603924632
-4.603924632
-4.606004862
-4.606250414
-4.607073446
-4.607073446
-4.60711483
-4.607216948
-4.607204194
-4.608043371
-4.608584479
-4.609541363
-4.609541363
-4.610645206
-4.611085614
-4.611822589
-4.611822589
-4.613045337
-4.613357409
-4.615213901
-4.615213901
-4.616303607
-4.617717381
-4.61800079
-4.61800079
-4.618454913
-4.619215035
-4.619986376
-4.619986376
-4.621080857
-4.621533883
-4.621985172
-4.622291019
-4.622334258
-4.622334258
-4.622509156
-4.622434756
-4.622434756
-4.62312856
-4.623463408
-4.624250708
-4.624250708
-4.624877367
-4.624880538
-4.624956996
-4.624948055
-4.624967523
-4.625259182
-4.625259182
-4.62527472
-4.625550167
-4.625698628
-4.626120815
-4.62614251
-4.626534684
-4.626539054
-4.626481711
-4.626841358
-4.6270144
-4.62705025
-4.626986091
-4.626670172
-4.626670172
-4.626550593
-4.626538851
-4.626598185
-4.626590037
-4.626746242
-4.626791843
-4.626894467
-4.627011785
-4.627011785
-4.62702491
-4.627867867
-4.628783975
-4.628888657
-4.628981361
-4.629727581
-4.629727581
-4.630631677
-4.630651702
-4.631380563
-4.632302491
-4.632410311
-4.632288117
-4.63226934
-4.632514808
-4.632514808
-4.632798824
-4.633311809
-4.633321054
-4.634360351
-4.634770779
-4.634770779
-4.635696891
-4.636340909
-4.636386375
-4.636360631
-4.636268652
-4.636899427
-4.637361243
-4.637361243
-4.637729748
-4.638249363
-4.638222235
-4.638219771
-4.638222825
-4.638416601
-4.63862227
-4.638727357
-4.638860196
-4.638842854
-4.639160358
-4.639571529
-4.639571529
-4.640390293
-4.640521108
-4.640005204
-4.640229583
-4.640229583
-4.6399469
-4.640294114
-4.6408845
-4.640663647
-4.640663647
-4.64043419
-4.640871594
-4.641377864
-4.641963443
-4.642160762
-4.642160762
-4.642553239
-4.643582836
-4.645295742
-4.645295742
-4.645663335
-4.646649203
-4.647737138
-4.649367378
-4.649367378
-4.649496894
-4.650872202
-4.652371948
-4.653535767
-4.653535767
-4.653448023
-4.653495547
-4.653823445
-4.654925905
-4.654925922
-4.6554715
-4.656307658
-4.656307658
-4.657404602
-4.657559862
-4.658035883
-4.658330578
-4.658483612
-4.658823639
-4.659145918
-4.659361372
-4.659818971
-4.659866158
-4.659866158
-4.660075066
-4.660284245
-4.660157412
-4.660138247
-4.660020018
-4.659548063
-4.659935378
-4.659958507
-4.659190389
-4.659284847
-4.659364375
-4.659364375
-4.658964087
-4.659144265
-4.6592327
-4.659319365
-4.659341954
-4.659468113
-4.659534009
-4.660860697
-4.660860697
-4.66105395
-4.66241259
-4.662699323
-4.662699323
-4.662699323
-4.662972711
-4.662972711
-4.662972711
-4.66294862
-4.663129624
-4.663193834
-4.663361983
-4.663523081
-4.662649369
-4.662573519
-4.66265993
-4.662885912
-4.662949514
-4.663224285
-4.663379056
-4.663517497
-4.663582296
-4.662840614
-4.662863727
-4.662863727
-4.663079485
-4.663512773
-4.663527332
-4.663593617
-4.663694047
-4.663751694
-4.663883234
-4.663761361
-4.663987731
-4.664403186
-4.664607017
-4.665340534
-4.665340534
-4.666001136
-4.666046501
-4.665962233
-4.666651296
-4.666666395
-4.666798947
-4.666798644
-4.666798644
-4.66723151
-4.667310025
-4.667548626
-4.667573342
-4.667842681
-4.668169886
-4.668255201
-4.668255201
-4.66811445
-4.66755303
-4.667566594
-4.667874634
-4.667950467
-4.668250055
-4.668293194
-4.66827639
-4.667957637
-4.667883997
-4.66788948
-4.667942066
-4.668047895
-4.668066318
-4.667993825
-4.667983635
-4.668035175
-4.668025052
-4.667993656
-4.668262624
-4.668262624
-4.668681825
-4.669375004
-4.669719688
-4.670182954
-4.670638562
-4.670967657
-4.671413952
-4.671474922
-4.671420514
-4.67165041
-4.671825527
-4.672322839
-4.672831504
-4.672927903
-4.672927903
-4.672959957
-4.672853892
-4.672846772
-4.673002707
-4.673135799
-4.673145905
-4.673099443
-4.673326522
-4.67338869
-4.673886423
-4.674394971
-4.675198163
-4.675793595
-4.676310004
-4.676958679
-4.676958679
-4.67756047
-4.678289769
-4.679022443
-4.679218412
-4.67923783
-4.679323482
-4.679363195
-4.679434693
-4.679280529
-4.679588148
-4.680219497
-4.680045274
-4.680045274
-4.680044548
-4.679673176
-4.679052523
-4.678994707
-4.677633739
-4.677633739
-4.678395364
-4.678395364
-4.680392084
-4.680392084
-4.685257297
-4.685257297
-4.690288887
-4.690288887
-4.696374996
-4.696374996
-4.701650557
-4.701650557
-4.706445697
-4.706445697
-4.710792455
-4.710792455
-4.713347581
-4.713347581
-4.718225687
-4.718225687
-4.721082909
-4.721082909
-4.721632316
-4.721632316
-4.723647619
-4.723647619
-4.727108923
-4.727108923
-4.729097394
-4.729097394
-4.725567321
-4.725567321
-4.724167879
-4.724167879
-4.724156213
-4.724156213
-4.725526868
-4.725526868
-4.727553652
-4.727553652
-4.728458172
-4.728458172
-4.727876279
-4.727876279
-4.727068434
-4.727068434
-4.730944118
-4.730944118
